B
P#0#0#255#255#1#1#5
236 89
166 90
153 179
249 161
B
P#0#255#0#255#1#1#5
354 94
343 61
308 72
288 108
B
P#50#18#49#255#1#1#5
290 107
277 171
325 172
345 167
B
P#255#170#238#255#1#1#5
349 168
363 130
345 125
333 124
B
P#255#255#255#255#1#1#5
499 88
599 99
372 151
547 143
B
P#255#0#0#255#1#1#5
601 71
571 107
577 129
600 144
B
P#0#0#0#255#1#1#5
602 145
626 138
645 111
602 72
B
P#170#170#170#255#3#3#5
657 87
677 67
678 137
679 152
B
P#255#255#0#255#1#1#5
713 80
753 79
761 113
729 124
B
P#255#0#255#255#1#1#5
729 124
763 136
767 152
735 157
B
P#255#0#0#255#1#1#5
777 112
797 116
821 114
838 117
B
P#34#101#17#174#1#1#5
858 70
934 89
763 126
905 138
B
P#255#0#0#255#1#1#5
412 273
364 231
311 293
355 364
B
P#255#0#0#255#1#1#5
356 364
393 396
414 417
442 433
B
P#255#0#0#255#1#1#5
442 434
480 399
503 364
517 337
B
P#255#0#0#255#1#1#5
517 338
592 220
539 171
410 271
